           4 240
           n s p e
           1        5.114746        5.029297    0.000000E+00
           2        5.114746        5.026855    0.000000E+00
           3        5.100098        5.029297        5.002441
           4        5.068359        5.029297        5.002441
           5        5.024414        5.026855        5.002441
           6        4.973145        5.026855        5.000000
           7        4.921875        5.026855        5.002441
           8        4.868164        5.026855        5.002441
           9        4.812012        5.029297        5.002441
          10        4.755859        5.024414        5.002441
          11        4.699707        5.026855        5.002441
          12        4.648438        5.026855        5.000000
          13        4.597168        5.026855        5.002441
          14        4.545898        5.026855        5.000000
          15        4.497070        5.029297        5.002441
          16        4.448242        5.026855        5.002441
          17        4.401855        5.026855        5.002441
          18        4.355469        5.029297        5.000000
          19        4.309082        5.026855        5.000000
          20        4.267578        5.026855        5.002441
          21        4.226074        5.029297        5.000000
          22        4.184570        5.026855        5.002441
          23        4.143066        5.026855        5.002441
          24        4.104004        5.029297        5.002441
          25        4.067383        5.026855        5.000000
          26        4.030762        5.029297        5.002441
          27        3.991699        5.026855        5.000000
          28        3.957520        5.026855        5.000000
          29        3.923340        5.029297        5.002441
          30        3.889160        5.029297        5.002441
          31        3.857422        5.026855        5.002441
          32        3.825684        5.026855        5.000000
          33        3.796387        5.026855        5.002441
          34        3.764648        5.026855        5.002441
          35        3.735352        5.024414        5.002441
          36        3.708496        5.026855        5.002441
          37        3.676758        5.029297        5.000000
          38        3.649902        5.026855        5.000000
          39        3.625488        5.026855        5.002441
          40        3.601074        5.026855        5.002441
          41        3.574219        5.026855        5.002441
          42        3.549805        5.026855        5.000000
          43        3.527832        5.029297        5.002441
          44        3.503418        5.026855        5.002441
          45        3.481445        5.026855        5.002441
          46        3.459473        5.026855        5.000000
          47        3.437500        5.029297        5.002441
          48        3.417969        5.029297        5.000000
          49        3.395996        5.029297        5.000000
          50        3.378906        5.024414        5.002441
          51        3.359375        5.026855        5.000000
          52        3.339844        5.029297        5.002441
          53        3.322754        5.029297        5.000000
          54        3.303223        5.026855        5.002441
          55        3.286133        5.026855        5.000000
          56        3.269043        5.026855        5.000000
          57        3.254395        5.026855        5.002441
          58        3.237305        5.026855        5.000000
          59        3.222656        5.029297        5.000000
          60        3.208008        5.029297        5.004883
          61        3.193359        5.029297        5.002441
          62        3.176270        5.026855        5.000000
          63        3.166504        5.026855        5.002441
          64        3.149414        5.029297        5.002441
          65        3.137207        5.029297        5.002441
          66        3.125000        5.029297        5.000000
          67        3.112793        5.029297        5.002441
          68        3.098145        5.029297        5.000000
          69        3.088379        5.026855        5.002441
          70        3.076172        5.029297        5.002441
          71        3.063965        5.026855        5.000000
          72        3.054199        5.026855        5.000000
          73        3.041992        5.029297        5.002441
          74        3.032227        5.026855        5.000000
          75        3.022461        5.029297        5.002441
          76        3.012695        5.026855        5.000000
          77        3.002930        5.026855        5.000000
          78        2.993164        5.026855        5.000000
          79        2.985840        5.026855        5.002441
          80        2.976074        5.026855        5.002441
          81        2.968750        5.026855        5.002441
          82        2.958984        5.026855        5.002441
          83        2.951660        5.026855        5.002441
          84        2.944336        5.026855        5.002441
          85        2.934570        5.026855        5.002441
          86        2.927246        5.029297        5.002441
          87        2.919922        5.026855        5.002441
          88        2.912598        5.029297        5.000000
          89        2.905273        5.026855        5.002441
          90        2.897949        5.029297        5.002441
          91        2.893066        5.029297        5.002441
          92        2.885742        5.026855        5.000000
          93        2.878418        5.029297        5.000000
          94        2.873535        5.026855        5.002441
          95        2.868652        5.029297        5.000000
          96        2.861328        5.029297        5.000000
          97        2.856445        5.026855        5.000000
          98        2.851563        5.029297        5.000000
          99        2.844238        5.026855        5.000000
         100        2.839355        5.026855        5.000000
         101        2.834473        5.026855        5.002441
         102        2.829590        5.026855        5.000000
         103        2.824707        5.029297        5.004883
         104        2.819824        5.029297        5.000000
         105        2.814941        5.029297        5.002441
         106        2.810059        5.026855        5.000000
         107        2.805176        5.029297        4.997559
         108        2.802734        5.029297        5.002441
         109        2.797852        5.026855        5.002441
         110        2.795410        5.026855        5.002441
         111        2.790527        5.029297        5.002441
         112        2.785645        5.031738        5.002441
         113        2.780762        5.026855        5.002441
         114        2.778320        5.026855        5.002441
         115        2.775879        5.026855        5.002441
         116        2.773438        5.029297        5.002441
         117        2.768555        5.029297        5.002441
         118        2.766113        5.026855        5.002441
         119        2.761230        5.026855        5.002441
         120        2.758789        5.026855        5.002441
         121        2.756348        5.026855        5.002441
         122        2.753906        5.029297        5.002441
         123        2.749023        5.026855        5.002441
         124        2.746582        5.029297        5.002441
         125        2.744141        5.029297        5.004883
         126        2.741699        5.026855        5.000000
         127        2.739258        5.029297        5.002441
         128        2.736816        5.026855        5.002441
         129        2.734375        5.026855        5.002441
         130        2.731934        5.026855        5.000000
         131        2.729492        5.029297        5.002441
         132        2.727051        5.029297        5.000000
         133        2.724609        5.029297        5.002441
         134        2.724609        5.026855        5.000000
         135        2.722168        5.026855        5.002441
         136        2.717285        5.029297        5.000000
         137        2.717285        5.026855        5.002441
         138        2.714844        5.029297        5.002441
         139        2.714844        5.029297        5.002441
         140        2.712402        5.029297        5.000000
         141        2.709961        5.029297        5.000000
         142        2.707520        5.026855        5.002441
         143        2.707520        5.026855        5.002441
         144        2.705078        5.026855        5.000000
         145        2.705078        5.029297        5.002441
         146        2.702637        5.029297        5.000000
         147        2.700195        5.029297        5.000000
         148        2.697754        5.029297        5.000000
         149        2.697754        5.026855        5.002441
         150        2.695313        5.029297        5.002441
         151        2.695313        5.026855        5.000000
         152        2.692871        5.029297        5.000000
         153        2.692871        5.029297        5.002441
         154        2.692871        5.031738        5.002441
         155        2.690430        5.026855        5.000000
         156        2.687988        5.026855        5.002441
         157        2.687988        5.026855        5.002441
         158        2.685547        5.029297        5.000000
         159        2.685547        5.026855        5.002441
         160        2.683105        5.029297        5.000000
         161        2.683105        5.026855        5.002441
         162        2.683105        5.029297        5.000000
         163        2.683105        5.029297        5.002441
         164        2.680664        5.029297        5.000000
         165        2.675781        5.029297        5.002441
         166        2.678223        5.026855        5.000000
         167        2.678223        5.029297        5.002441
         168        2.678223        5.026855        5.002441
         169        2.675781        5.029297        5.002441
         170        2.673340        5.029297        5.000000
         171        2.675781        5.026855        5.002441
         172        2.675781        5.026855        5.002441
         173        2.673340        5.026855        5.002441
         174        2.673340        5.029297        5.002441
         175        2.670898        5.026855        5.002441
         176        2.670898        5.026855        5.002441
         177        2.670898        5.029297        5.002441
         178        2.668457        5.029297        5.002441
         179        2.668457        5.029297        5.000000
         180        2.666016        5.026855        5.000000
         181        2.663574        5.026855        5.004883
         182        2.668457        5.026855        5.002441
         183        2.666016        5.026855        5.000000
         184        2.666016        5.029297        5.002441
         185        2.663574        5.026855        5.000000
         186        2.663574        5.029297        5.002441
         187        2.663574        5.029297        5.000000
         188        2.663574        5.029297        5.002441
         189        2.663574        5.026855        5.004883
         190        2.661133        5.026855        5.000000
         191        2.661133        5.026855        5.000000
         192        2.661133        5.026855        5.000000
         193        2.661133        5.026855        5.000000
         194        2.658691        5.026855        5.002441
         195        2.658691        5.026855        5.002441
         196        2.658691        5.029297        5.002441
         197        2.656250        5.029297        5.002441
         198        2.658691        5.029297        5.000000
         199        2.658691        5.029297        5.000000
         200        2.658691        5.029297        5.002441
         201        2.658691        5.026855        5.000000
         202        2.656250        5.029297        5.002441
         203        2.656250        5.029297        5.000000
         204        2.656250        5.029297        5.002441
         205        2.656250        5.026855        5.002441
         206        2.653809        5.029297        5.002441
         207        2.653809        5.029297        5.002441
         208        2.656250        5.026855        5.002441
         209        2.653809        5.029297        5.000000
         210        2.653809        5.026855        5.000000
         211        2.653809        5.026855        5.002441
         212        2.656250        5.029297        5.000000
         213        2.653809        5.029297        5.000000
         214        2.653809        5.029297        5.000000
         215        2.653809        5.029297        5.002441
         216        2.651367        5.029297        5.000000
         217        2.653809        5.026855        5.004883
         218        2.651367        5.026855        5.002441
         219        2.653809        5.029297        5.002441
         220        2.653809        5.026855        5.000000
         221        2.653809        5.026855        5.002441
         222        2.651367        5.029297        5.002441
         223        2.651367        5.029297        5.000000
         224        2.651367        5.029297        5.002441
         225        2.651367        5.029297        5.000000
         226        2.648926        5.029297        5.002441
         227        2.651367        5.026855        5.000000
         228        2.651367        5.029297        5.000000
         229        2.651367        5.029297        5.000000
         230        2.651367        5.026855        5.002441
         231        2.651367        5.029297        5.000000
         232        2.646484        5.024414        5.002441
         233        2.648926        5.029297        5.000000
         234        2.648926        5.029297        5.002441
         235        2.651367        5.026855        5.002441
         236        2.648926        5.029297        5.000000
         237        2.648926        5.029297        5.002441
         238        2.648926        5.029297        5.002441
         239        2.648926        5.029297        5.000000
         240        2.648926        5.026855        5.002441
